99, 99, 99, 99, 99, 99, 99, 99, 99, 99, 99, 99, 
99, 99, 99, 99, 99, 99, 99, 99, 99, 99, 99, 99, 
99, 99, 3, 7, 5, 2, 1, 6, 8, 4, 99, 99, 
99, 99, 9, 10, 11, 12, 13, 14, 15, 16, 99, 99, 
99, 99, 0, 0, 0, 0, 0, 0, 0, 0, 99, 99, 
99, 99, 0, 0, 0, 0, 0, 0, 0, 0, 99, 99, 
99, 99, 0, 0, 0, 0, 0, 0, 0, 0, 99, 99, 
99, 99, 0, 0, 0, 0, 0, 0, 0, 0, 99, 99, 
99, 99, -9, -10, -11, -12, -13, -14, -15, -16, 99, 99, 
99, 99, -3, -7, -5, -2, -1, -6, -8, -4, 99, 99, 
99, 99, 99, 99, 99, 99, 99, 99, 99, 99, 99, 99, 
99, 99, 99, 99, 99, 99, 99, 99, 99, 99, 99, 99
